Bunch of coordinates defining rectangles around river mouths acquired from geojson.io

1. Puerto Santa Cruz
            [-68.70574951171875,
             -50.21294328727868],
            [-68.21823120117188,
             -50.21294328727868],
            [-68.21823120117188,
              -49.89817293624036],
            [-68.70574951171875,
              -49.89817293624036]

2. Rio Negro
            [-62.902908325195305,
             -41.066410036775885],
            [-62.698974609375,
             -41.066410036775885],
            [-62.698974609375,
             -40.90572865774615],
            [-62.902908325195305,
             -40.90572865774615]

3. Rio Colorado
            [-62.23411560058593,
             -39.75576851405811],
            [-62.0562744140625,
             -39.75576851405811],
            [-62.0562744140625,
             -39.632134425964],
            [-62.23411560058593,
             -39.632134425964]

4. Rio Ajo
            [-57.053375244140625,
             -36.38591277287651],
            [-56.81236267089844,
             -36.38591277287651],
            [-56.81236267089844,
             -36.31180539856746],
            [-57.053375244140625,
             -36.31180539856746]

5. Rio Itabapoana
            [-41.0038948059082,
             -21.32359901961405],
            [-40.945701599121094,
             -21.32359901961405],
            [-40.945701599121094,
             -21.271459205274276],
            [-41.0038948059082,
             -21.271459205274276]

6. Rio Doce
            [-40.08087158203125,
             -19.692374791616977],
            [-39.76226806640625,
             -19.692374791616977],
            [-39.76226806640625,
             -19.399896939902543],
            [-40.08087158203125,
             -19.399896939902543]

7. Rio Mamanguape
            [-35.11299133300781,
             -6.844964547490535],
            [-34.90219116210937,
             -6.844964547490535],
            [-34.90219116210937,
             -6.723256519049719],
            [-35.11299133300781,
             -6.723256519049719]

8. Lower Amazon
            [-50.59204101562499,
             -0.31310879311376943],
            [-49.1748046875,
             -0.31310879311376943],
            [-49.1748046875,
             1.4006173190275208],
            [-50.59204101562499,
             1.4006173190275208]

9. Rio Orinoco
            [-61.86676025390624,
             8.447922028821816],
            [-60.54016113281249,
              8.447922028821816],
            [-60.54016113281249,
             9.343382335853477],
            [-61.86676025390624,
             9.343382335853477]

10. Rio Magdalena
            [-74.86564636230469,
             10.823189689473242],
            [-74.63012695312499,
             10.823189689473242],
            [-74.63012695312499,
             11.113727282172755],
            [-74.86564636230469,
             11.113727282172755]

11. Rio Ulua
            [-87.85011291503906,
             15.628988237662076],
            [-87.681884765625,
             15.628988237662076],
            [-87.681884765625,
             15.940202412387029],
            [-87.85011291503906,
             15.940202412387029]

12. Tampico
            [-98.27407836914062,
             22.002901711417007],
            [-97.7178955078125,
             22.002901711417007],
            [-97.7178955078125,
             22.468147417768407],
            [-98.27407836914062,
             22.468147417768407]

13. Mississippi Birdsfoot
            [-89.60723876953124,
             28.85429649869795],
            [-88.94805908203125,
             28.85429649869795],
            [-88.94805908203125,
             29.44677309638942],
            [-89.60723876953124,
             29.44677309638942]

14. Suwannee River
            [-83.21662902832031,
             29.268430847232835],
            [-83.04359436035156,
             29.268430847232835],
            [-83.04359436035156,
             29.35704253755238],
            [-83.21662902832031,
             29.35704253755238]

15. Salinas River
            [-121.82327270507812,
             36.61442534338386],
            [-121.67701721191405,
             36.61442534338386],
            [-121.67701721191405,
             36.76364169637647],
            [-121.82327270507812,
             36.76364169637647]

16. Columbia River
            [-124.20318603515624,
             46.05036097561633],
            [-122.90954589843749,
             46.05036097561633],
            [-122.90954589843749,
             46.37156925087649],
            [-124.20318603515624,
             46.37156925087649]

17. Noatak River
            [-162.7734375,
             66.9714611242542],
            [-162.13760375976562,
             66.9714611242542],
            [-162.13760375976562,
             67.18699968023049],
            [-162.7734375,
             67.18699968023049]

18. Rue Ebre
            [0.45593261718749994,
             40.52006312552015],
            [0.8967590332031249,
             40.52006312552015],
            [0.8967590332031249,
             40.84809918505204],
            [0.45593261718749994,
             40.84809918505204]

19. Po River
            [11.959991455078123,
             44.751609766121646],
            [12.621917724609375,
             44.751609766121646],
            [12.621917724609375,
             45.166547157856016],
            [11.959991455078123,
             45.166547157856016]

20. Rosetta Branch
            [30.270080566406246,
             31.245681880715527],
            [30.53512573242187,
             31.245681880715527],
            [30.53512573242187,
             31.533481916374694],
            [30.270080566406246,
             31.533481916374694]

21. Kwanza River
            [13.116989135742188,
             -9.397580976145512],
            [13.304443359375,
             -9.397580976145512],
            [13.304443359375,
             -9.117012411664723],
            [13.116989135742188,
             -9.117012411664723] 

22. Berg River
            [18.106842041015625,
             -32.9412676729545],
            [18.361587524414062,
             -32.9412676729545],
            [18.361587524414062,
             -32.74743509316713],
            [18.106842041015625,
             -32.74743509316713]

23. Breede River
            [20.54168701171875,
             -34.436363180933725],
            [20.893936157226562,
             -34.436363180933725],
            [20.893936157226562,
             -34.25778396683995],
            [20.54168701171875,
             -34.25778396683995]

24. Zambeze River
            [36.04339599609375,
             -18.94266018631977],
            [36.529541015625,
             -18.94266018631977],
            [36.529541015625,
             -18.47570157324906],
            [36.04339599609375,
             -18.47570157324906]

25. Rufiji
            [39.10926818847656,
             -8.074186357935266],
            [39.427871704101555,
             -8.074186357935266],
            [39.427871704101555,
             -7.817806640504222],
            [39.10926818847656,
             -7.817806640504222]

26. Kali River
            [74.05746459960938,
             14.780857900214594],
            [74.37126159667969,
             14.780857900214594],
            [74.37126159667969,
             14.931516073431656],
            [74.05746459960938,
             14.931516073431656]

27. Padma River
            [90.142822265625,
             21.647217065387817],
            [91.3128662109375,
             21.647217065387817],
            [91.3128662109375,
             23.276673210348186],
            [90.142822265625,
             23.276673210348186]

28. Song Tien
            [105.81207275390625,
             9.687398430760624],
            [106.89422607421875,
             9.687398430760624],
            [106.89422607421875,
             10.43919552993234],
            [105.81207275390625,
             10.43919552993234]

29. Longhai City
            [117.69859313964842,
             24.326450861111233],
            [117.94784545898436,
             24.326450861111233],
            [117.94784545898436,
             24.612063338963782],
            [117.69859313964842,
             24.612063338963782]

30. Minjiang River
            [119.15359497070312,
             25.90864446329127],
            [119.70703125,
             25.90864446329127],
            [119.70703125,
             26.159135914254378],
            [119.15359497070312,
             26.159135914254378]

31. Sungai Sesayap
            [116.73660278320312,
             3.2721456350750255],
            [117.6416015625,
             3.2721456350750255],
            [117.6416015625,
             3.7614857811355042],
            [116.73660278320312,
             3.7614857811355042]

32. Waiapu River
            [178.08425903320312,
             -37.90845010709064],
            [178.47084045410156,
             -37.90845010709064],
            [178.47084045410156,
             -37.75931566008831],
            [178.08425903320312,
             -37.75931566008831]

33. Rakaia River
            [171.77947998046875,
             -43.91866955425889],
            [172.25326538085938,
             -43.91866955425889],
            [172.25326538085938,
             -43.60923380393403],
            [171.77947998046875,
             -43.60923380393403]

34. Elbe
            [8.953857421875,
             53.50601781925382],
            [9.8382568359375,
             53.50601781925382],
            [9.8382568359375,
             53.964165263099105],
            [8.953857421875,
             53.964165263099105]




























